20
   -63    63    11    17    66    38    95    58    59    70    67    39    62    69     6    59    42    15    67    34
    63   -41    74    78    61    93    54    84     7    32     2    20    24    25    95    72    57    65    12    82
    11    74   -44    95    65    45     6     3    45    63    70    45    73    33    56    76    50    18    33    73
    17    78    95    -2    18    21     9     9    32    38    74    88    32    82    96    47     1    68    54    27
    66    61    65    18   -25    29    82     0    23    40    56    51    32    77    36    59    73    51    99    77
    38    93    45    21    29   -21    12     2    26    83    92    24    83    39    31    75    36    75    57     7
    95    54     6     9    82    12   -36     4    66    69    97    10    97     9    82    50    84    19    25    29
    58    84     3     9     0     2     4   -25    82    49     6    28    54    19    76    80    62    35    74     4
    59     7    45    32    23    26    66    82   -63    63    72    76   100    96    75    92    81    10    12    97
    70    32    63    38    40    83    69    49    63   -21    17    84    30     4    77    28    22    52   100    38
    67     2    70    74    56    92    97     6    72    17   -26    53     2    43     6    96    53    79     6    57
    39    20    45    88    51    24    10    28    76    84    53   -61    53    84    95    20    63    72    85    24
    62    24    73    32    32    83    97    54   100    30     2    53   -37    30     6    70    66    10   100     4
    69    25    33    82    77    39     9    19    96     4    43    84    30   -52    63     3    30    59    18     0
     6    95    56    96    36    31    82    76    75    77     6    95     6    63   -50    42    12     0    35    11
    59    72    76    47    59    75    50    80    92    28    96    20    70     3    42   -48     2    66    79    49
    42    57    50     1    73    36    84    62    81    22    53    63    66    30    12     2   -14     4    75     8
    15    65    18    68    51    75    19    35    10    52    79    72    10    59     0    66     4   -62    79    75
    67    12    33    54    99    57    25    74    12   100     6    85   100    18    35    79    75    79   -45     6
    34    82    73    27    77     7    29     4    97    38    57    24     4     0    11    49     8    75     6   -46
