30
   -63    63    11    17    66    38    95    58    59    70    67    39    62    69     6    59    42    15    67    34    35    74    78    61    93    54    84     7    32     2
    63   -50    24    25    95    72    57    65    12    82    30    95    65    45     6     3    45    63    70    45    73    33    56    76    50    18    33    73    96    18
    11    24   -50     9     9    32    38    74    88    32    82    96    47     1    68    54    27    60    29    82     0    23    40    56    51    32    77    36    59    73
    17    25     9   -31    99    77    67    12     2    26    83    92    24    83    39    31    75    36    75    57     7    43     4    66    69    97    10    97     9    82
    66    95     9    99   -32    84    19    25    29    61    82    49     6    28    54    19    76    80    62    35    74     4     0    63    72    76   100    96    75    92
    38    72    32    77    84   -12    10    12    97    67    17    84    30     4    77    28    22    52   100    38    59    53     2    43     6    96    53    79     6    57
    95    57    38    67    19    10   -61    53    84    95    20    63    72    85    24    42    30     6    70    66    10   100     4    18    63     3    30    59    18     0
    58    65    74    12    25    12    53   -50    42    12     0    35    11    24     2    66    79    49    78     4    75     8     2    79    75    29     6    28    53    53
    59    12    88     2    29    97    84    42   -12    60    38    31     1    13    84    38    72    50    26    30    27    78    35    64   100    33    32    80    88    79
    70    82    32    26    61    67    95    12    60   -63    79    31    92    31    29    63    80    35    13    30    23    99     7    61    33     1     1    47    55    38
    67    30    82    83    82    17    20     0    38    79   -41    65    61    10    73    18    57    89    64    28    59    27    27    62    78     4    96    80    38    85
    39    95    96    92    49    84    63    35    31    31    65   -20    54    68    45    64    88    22    84    67    88    39    73    97     2    54    57    15    76    14
    62    65    47    24     6    30    72    11     1    92    61    54   -20     3    39    70    92    90    93     5    39    67    13    97    54    37   100    35    25    52
    69    45     1    83    28     4    85    24    13    31    10    68     3   -58    76    59     6    86    23    71    20    26    13    78    32    71    57    21    77    36
     6     6    68    39    54    77    24     2    84    29    73    45    39    76   -24    17    40    86    94    52    76    59    57    39     7    44    52    28    57    41
    59     3    54    31    19    28    42    66    38    63    18    64    70    59    17    -6    21    81    43    21    34    22     3    11    73     0    40    88    84    46
    42    45    27    75    76    22    30    79    72    80    57    88    92     6    40    21   -26    30    48    86    93    36    33    40    94    88    88    11    34    44
    15    63    60    36    80    52     6    49    50    35    89    22    90    86    86    81    30   -50    14    15    74    65     3    83    92    59     7    42     8    92
    67    70    29    75    62   100    70    78    26    13    64    84    93    23    94    43    48    14   -25    26     6    66    94    73    12    70    37    34    88    80
    34    45    82    57    35    38    66     4    30    30    28    67     5    71    52    21    86    15    26   -43    72    54    18    18    78    61    32    44    72    20
    35    73     0     7    74    59    10    75    27    23    59    88    39    20    76    34    93    74     6    72   -52     7    42    52    41    10    41    20    48    94
    74    33    23    43     4    53   100     8    78    99    27    39    67    26    59    22    36    65    66    54     7   -63    56    14    40    93     0    72    68    92
    78    56    40     4     0     2     4     2    35     7    27    73    13    13    57     3    33     3    94    18    42    56   -28    62    62    15    74    85     3    12
    61    76    56    66    63    43    18    79    64    61    62    97    97    78    39    11    40    83    73    18    52    14    62   -26    55    80    52    78    59    73
    93    50    51    69    72     6    63    75   100    33    78     2    54    32     7    73    94    92    12    78    41    40    62    55   -18    45    47    77     2    28
    54    18    32    97    76    96     3    29    33     1     4    54    37    71    44     0    88    59    70    61    10    93    15    80    45   -54    52     5     8    13
    84    33    77    10   100    53    30     6    32     1    96    57   100    57    52    40    88     7    37    32    41     0    74    52    47    52   -15    48    18     3
     7    73    36    97    96    79    59    28    80    47    80    15    35    21    28    88    11    42    34    44    20    72    85    78    77     5    48   -32    26    96
    32    96    59     9    75     6    18    53    88    55    38    76    25    77    57    84    34     8    88    72    48    68     3    59     2     8    18    26    -6    21
     2    18    73    82    92    57     0    53    79    38    85    14    52    36    41    46    44    92    80    20    94    92    12    73    28    13     3    96    21    -6
