30
  -100    26   -78     0     0   -66    31   -24     0     0    89     0    16    17    39     0    34     0   -22     0     0    24     0     0    38   -87    19     0     0   -15
    26   -70    34   -33     0     0   -30    47    56    22     0     0     0    85     0     8     0     0     0    68     0     0   -85     0     0   -36     0     0     0     0
   -78    34   -96     0   -59     0   -51   -50    90    45     0     0     0     0    13     0    31     0     0   -75    64     0   -39     0     0     0    89    30    -9     0
     0   -33     0   -87     0   -94    -9    27     0     0    39    -9     0    46     0   -34    11    51     0     0   -63     0     0     0     0     0   -34    46    91     0
     0     0   -59     0   -63     0   -58     0     0   -82   -82     0   -35   -24    47     0     0    76   -36    63    92    -5   -98     0    37     0     0     0     0     0
   -66     0     0   -94     0     8     0     0   -45     0    19     0     0     0   -42     0    64  -100     0     0     0     0     0   -54     0   -19    11     1     0   -37
    31   -30   -51    -9   -58     0    54   -27    18     0     0    45     2    98    55    33   -75   -96   -47     0     0     0     0     0     0    65     0     0    84     0
   -24    47   -50    27     0     0   -27   -52    66   -23     0   -39     0    49     0     0     0   -28    49    13     0     0     0   -86   -13   -91     0    32     0     0
     0    56    90     0     0   -45    18    66    38     0     0    94   -79    94   -82     0     0    63    -1     0    68   -61   -49   -41    22     0    64     0     0    -2
     0    22    45     0   -82     0     0   -23     0   -88     0     0     0     0   -43     0     0     8   -61     0     0    52    60    24   -30     0    48     0   -92     0
    89     0     0    39   -82    19     0     0     0     0   -99    26     0     0    43    51    99    91     0    49    83    61     0     0   -79   -76    93    33     0     0
     0     0     0    -9     0     0    45   -39    94     0    26   -65     0    68   -41   -92     0     0     0    54     0     0     0     0     0     0   -44     0     0   -56
    16     0     0     0   -35     0     2     0   -79     0     0     0     4     0     0   100   -23    17     0     7     0   -95     0     0     0   -14   -88    92     6     0
    17    85     0    46   -24     0    98    49    94     0     0    68     0    58     0     0     0     0   -87     0     0    14   -94     0     6     0    68     0     0    90
    39     0    13     0    47   -42    55     0   -82   -43    43   -41     0     0   -59    25    43     0     0     0    69     0   -51   -16   -39   -88    41     0    33   -79
     0     8     0   -34     0     0    33     0     0     0    51   -92   100     0    25    99     0     0     0   -91     0     0     0     0     0     0     0     0   -65    27
    34     0    31    11     0    64   -75     0     0     0    99     0   -23     0    43     0   -94   -39    18     0   -65  -100     0   -57     0   -15   -77     0     0     0
     0     0     0    51    76  -100   -96   -28    63     8    91     0    17     0     0     0   -39   -99   -30   -77   -51   -95    31     0    58    -1    56     0     0   -92
   -22     0     0     0   -36     0   -47    49    -1   -61     0     0     0   -87     0     0    18   -30    49   -83     0     0   -95    58     0    50   -42   -87     0     0
     0    68   -75     0    63     0     0    13     0     0    49    54     7     0     0   -91     0   -77   -83   -44     0     0     0     0     0     7     0     0     0     6
     0     0    64   -63    92     0     0     0    68     0    83     0     0     0    69     0   -65   -51     0     0    60     0    19   -23   -38     0   -98     0   -74     0
    24     0     0     0    -5     0     0     0   -61    52    61     0   -95    14     0     0  -100   -95     0     0     0    67   -24     0    44     0     0   -47     0   -39
     0   -85   -39     0   -98     0     0     0   -49    60     0     0     0   -94   -51     0     0    31   -95     0    19   -24   -47     0     0    56   -29    28    99     0
     0     0     0     0     0   -54     0   -86   -41    24     0     0     0     0   -16     0   -57     0    58     0   -23     0     0   -34   -37     0     0     0    60     0
    38     0     0     0    37     0     0   -13    22   -30   -79     0     0     6   -39     0     0    58     0     0   -38    44     0   -37    76     0     0     0    57   -99
   -87   -36     0     0     0   -19    65   -91     0     0   -76     0   -14     0   -88     0   -15    -1    50     7     0     0    56     0     0    58     0     0   -38     0
    19     0    89   -34     0    11     0     0    64    48    93   -44   -88    68    41     0   -77    56   -42     0   -98     0   -29     0     0     0    85     0     0   -37
     0     0    30    46     0     1     0    32     0     0    33     0    92     0     0     0     0     0   -87     0     0   -47    28     0     0     0     0   -42     0     0
     0     0    -9    91     0     0    84     0     0   -92     0     0     6     0    33   -65     0     0     0     0   -74     0    99    60    57   -38     0     0    26    59
   -15     0     0     0     0   -37     0     0    -2     0     0   -56     0    90   -79    27     0   -92     0     6     0   -39     0     0   -99     0   -37     0    59   -30
